0.589284
0.545697
0.506206
0.470419
0.437983
0.408577
0.381911
0.357725
0.335782
0.315867
0.297788
0.28137
0.266455
0.252899
0.240574
0.229363
0.219161
0.209871
0.201407
0.193692
0.186655
0.180231
0.174364
0.169
0.164093
0.1596
0.155482
0.151705
0.148236
0.145048
0.142113
0.13941
0.136916
0.134612
0.132482
0.130509
0.128679
0.12698
0.125399
0.123926
0.122552
0.121268
0.120066
0.118939
0.11788
0.116884
0.115946
0.11506
0.114222
0.113429
0.112677
0.111962
0.111281
0.110633
0.110013
0.109421
0.108854
0.108311
0.107789
0.107287
0.106804
0.106339
0.10589
0.105456
0.105037
0.104631
0.104238
0.103856
0.103486
0.103127
0.102777
0.102437
0.102106
0.101784
0.10147
0.101163
0.100864
0.100572
0.100287
0.100009
0.0997365
0.0994703
0.0992099
0.0989551
0.0987057
0.0984615
0.0982224
0.097988
0.0977585
0.0975334
0.0973128
0.0970965
0.0968844
0.0966763
0.0964722
0.0962719
0.0960753
0.0958824
0.095693
0.0955071
0.0953246
0.0951453
0.0949693
0.0947964
0.0946265
0.0944597
0.0942958
0.0941347
0.0939765
0.0938209
0.0936681
0.0935179
0.0933702
0.093225
0.0930823
0.092942
0.0928041
0.0926685
0.0925351
0.092404
0.092275
0.0921482
0.0920234
0.0919007
0.09178
0.0916612
0.0915444
0.0914295
0.0913164
0.0912051
0.0910956
0.0909879
0.0908819
0.0907775
0.0906748
0.0905738
0.0904743
0.0903763
0.0902799
0.090185
0.0900916
0.0899996
0.089909
0.0898199
0.089732
0.0896456
0.0895604
0.0894765
0.0893939
0.0893125
0.0892324
0.0891535
0.0890757
0.0889991
0.0889236
0.0888492
0.0887759
0.0887037
0.0886326
0.0885625
0.0884934
0.0884253
0.0883582
0.088292
0.0882268
0.0881625
0.0880991
0.0880366
0.087975
0.0879143
0.0878544
0.0877954
0.0877371
0.0876797
0.087623
0.0875672
0.0875121
0.0874577
0.0874041
0.0873512
0.087299
0.0872475
0.0871967
0.0871466
0.0870971
0.0870483
0.0870001
0.0869526
0.0869057
0.0868593
0.0868136
0.0867685
0.0867239
0.0866799
0.0866365
0.0865936
0.0865512
0.0865094
0.0864681
0.0864273
0.086387
0.0863472
0.0863079
0.0862691
0.0862307
0.0861928
0.0861554
0.0861184
0.0860818
0.0860457
0.08601
0.0859747
0.0859398
0.0859053
0.0858712
0.0858376
0.0858042
0.0857713
0.0857388
0.0857066
0.0856747
0.0856433
0.0856121
0.0855813
0.0855509
0.0855208
0.085491
0.0854615
0.0854324
0.0854035
0.085375
0.0853467
0.0853188
0.0852911
0.0852637
0.0852366
0.0852098
0.0851833
0.085157
0.085131
0.0851053
0.0850798
0.0850545
0.0850295
0.0850048
0.0849803
0.084956
0.084932
0.0849082
0.0848846
0.0848612
0.0848381
0.0848151
0.0847924
0.0847699
0.0847476
0.0847255
0.0847036
0.0846819
0.0846604
0.084639
0.0846179
0.0845969
0.0845762
0.0845556
0.0845352
0.0845149
0.0844948
0.0844749
0.0844552
0.0844356
0.0844162
0.0843969
0.0843778
0.0843589
0.0843401
0.0843214
0.0843029
0.0842846
0.0842663
0.0842483
0.0842303
0.0842125
0.0841949
0.0841773
0.0841599
0.0841427
0.0841255
0.0841085
0.0840916
0.0840748
0.0840582
0.0840416
0.0840252
0.0840089
0.0839927
0.0839766
0.0839606
0.0839447
0.083929
0.0839133
0.0838978
0.0838823
0.083867
0.0838517
0.0838366
0.0838215
0.0838065
0.0837917
0.0837769
0.0837622
0.0837476
0.0837331
0.0837187
0.0837044
0.0836901
0.0836759
0.0836619
0.0836479
0.0836339
0.0836201
0.0836063
0.0835927
0.083579
0.0835655
0.0835521
0.0835387
0.0835254
0.0835121
0.0834989
0.0834858
0.0834728
0.0834598
0.0834469
0.0834341
0.0834213
0.0834086
0.083396
0.0833834
0.0833709
0.0833585
0.0833461
0.0833337
0.0833215
0.0833092
0.0832971
0.083285
0.0832729
0.0832609
0.083249
0.0832371
0.0832253
0.0832135
0.0832017
0.0831901
0.0831784
0.0831668
0.0831553
0.0831438
0.0831324
0.083121
0.0831097
0.0830984
0.0830871
0.0830759
0.0830648
0.0830536
0.0830426
0.0830315
0.0830206
0.0830096
0.0829987
0.0829878
0.082977
0.0829662
0.0829555
0.0829448
0.0829341
0.0829235
0.0829129
0.0829023
0.0828918
0.0828814
0.0828709
0.0828605
0.0828501
0.0828398
0.0828295
0.0828192
0.082809
0.0827988
0.0827886
0.0827785
0.0827684
0.0827583
0.0827482
0.0827382
0.0827282
0.0827183
0.0827084
0.0826985
0.0826886
0.0826788
0.082669
0.0826592
0.0826495
0.0826397
0.08263
0.0826204
0.0826107
0.0826011
0.0825915
0.082582
0.0825725
0.0825629
0.0825535
0.082544
0.0825346
0.0825252
0.0825158
0.0825064
0.0824971
0.0824878
0.0824785
0.0824692
0.08246
0.0824508
0.0824416
0.0824324
0.0824232
0.0824141
0.082405
0.0823959
0.0823868
0.0823778
0.0823688
0.0823598
0.0823508
0.0823418
0.0823329
0.0823239
0.082315
0.0823062
0.0822973
0.0822884
0.0822796
0.0822708
0.082262
0.0822532
0.0822445
0.0822358
0.082227
0.0822183
0.0822097
0.082201
0.0821923
0.0821837
0.0821751
0.0821665
0.0821579
0.0821494
0.0821408
0.0821323
0.0821238
0.0821153
0.0821068
0.0820983
0.0820899
0.0820815
0.082073
0.0820646
0.0820562
0.0820479
0.0820395
0.0820312
0.0820228
0.0820145
0.0820062
0.0819979
0.0819897
0.0819814
0.0819732
0.0819649
0.0819567
0.0819485
0.0819403
0.0819322
0.081924
0.0819159
0.0819077
0.0818996
0.0818915
0.0818834
0.0818753
0.0818672
0.0818592
0.0818511
0.0818431
0.0818351
0.0818271
0.0818191
0.0818111
0.0818032
0.0817952
0.0817872
0.0817793
0.0817714
0.0817635
0.0817556
0.0817477
0.0817398
0.081732
0.0817241
0.0817163
0.0817084
0.0817006
0.0816928
0.081685
0.0816772
0.0816694
0.0816617
0.0816539
0.0816462
0.0816384
0.0816307
0.081623
0.0816153
0.0816076
0.0815999
0.0815923
0.0815846
0.081577
0.0815693
0.0815617
0.0815541
0.0815465
0.0815389
0.0815313
0.0815237
0.0815161
0.0815086
0.081501
0.0814935
0.0814859
0.0814784
0.0814709
0.0814634
0.0814559
0.0814484
0.0814409
0.0814335
0.081426
0.0814186
0.0814111
0.0814037
0.0813963
0.0813888
0.0813814
0.081374
0.0813667
0.0813593
0.0813519
0.0813445
0.0813372
0.0813299
0.0813225
0.0813152
0.0813079
0.0813006
0.0812933
0.081286
0.0812787
0.0812714
0.0812641
0.0812569
0.0812496
0.0812424
0.0812351
0.0812279
0.0812207
0.0812135
0.0812063
0.0811991
0.0811919
0.0811847
0.0811775
0.0811704
0.0811632
0.0811561
0.0811489
0.0811418
0.0811347
0.0811276
0.0811205
0.0811133
0.0811063
0.0810992
0.0810921
0.081085
0.0810779
0.0810709
0.0810638
0.0810568
0.0810498
0.0810427
0.0810357
0.0810287
0.0810217
0.0810147
0.0810077
0.0810007
0.0809937
0.0809868
0.0809798
0.0809729
0.0809659
0.080959
0.080952
0.0809451
0.0809382
0.0809313
0.0809244
0.0809175
0.0809106
0.0809037
0.0808968
0.0808899
0.0808831
0.0808762
0.0808693
0.0808625
0.0808557
0.0808488
0.080842
0.0808352
0.0808284
0.0808216
0.0808148
0.080808
0.0808012
0.0807944
0.0807877
0.0807809
0.0807741
0.0807674
0.0807606
0.0807539
0.0807471
0.0807404
0.0807337
0.080727
0.0807203
0.0807136
0.0807069
0.0807002
0.0806935
0.0806868
0.0806802
0.0806735
0.0806669
0.0806602
0.0806536
0.0806469
0.0806403
0.0806337
0.080627
0.0806204
0.0806138
0.0806072
0.0806006
0.080594
0.0805875
0.0805809
0.0805743
0.0805677
0.0805612
0.0805546
0.0805481
0.0805415
0.080535
0.0805285
0.080522
0.0805154
0.0805089
0.0805024
0.0804959
0.0804894
0.080483
0.0804765
0.08047
0.0804635
0.0804571
0.0804506
0.0804442
0.0804377
0.0804313
0.0804248
0.0804184
0.080412
0.0804056
0.0803992
0.0803928
0.0803864
0.08038
0.0803736
0.0803672
0.0803608
0.0803544
0.0803481
0.0803417
0.0803354
0.080329
0.0803227
0.0803163
0.08031
0.0803037
0.0802974
0.080291
0.0802847
0.0802784
0.0802721
0.0802658
0.0802596
0.0802533
0.080247
0.0802407
0.0802345
0.0802282
0.080222
0.0802157
0.0802095
0.0802032
0.080197
0.0801908
0.0801845
0.0801783
0.0801721
0.0801659
0.0801597
0.0801535
0.0801473
0.0801412
0.080135
0.0801288
0.0801226
0.0801165
0.0801103
0.0801042
0.080098
0.0800919
0.0800858
0.0800796
0.0800735
0.0800674
0.0800613
0.0800552
0.0800491
0.080043
0.0800369
0.0800308
0.0800247
0.0800186
0.0800126
0.0800065
0.0800004
0.0799944
0.0799883
0.0799823
0.0799762
0.0799702
0.0799642
0.0799581
0.0799521
0.0799461
0.0799401
0.0799341
0.0799281
0.0799221
0.0799161
0.0799101
0.0799042
0.0798982
0.0798922
0.0798863
0.0798803
0.0798743
0.0798684
0.0798624
0.0798565
0.0798506
0.0798447
0.0798387
0.0798328
0.0798269
0.079821
0.0798151
0.0798092
0.0798033
0.0797974
0.0797915
0.0797856
0.0797798
0.0797739
0.079768
0.0797622
0.0797563
0.0797505
0.0797446
0.0797388
0.079733
0.0797271
0.0797213
0.0797155
0.0797097
0.0797039
0.0796981
0.0796923
0.0796865
0.0796807
0.0796749
0.0796691
0.0796634
0.0796576
0.0796518
0.0796461
0.0796403
0.0796346
0.0796288
0.0796231
0.0796173
0.0796116
0.0796059
0.0796002
0.0795944
0.0795887
0.079583
0.0795773
0.0795716
0.0795659
0.0795602
0.0795546
0.0795489
0.0795432
0.0795375
0.0795319
0.0795262
0.0795206
0.0795149
0.0795093
0.0795036
0.079498
0.0794924
0.0794867
0.0794811
0.0794755
0.0794699
0.0794643
0.0794587
0.0794531
0.0794475
0.0794419
0.0794363
0.0794307
0.0794252
0.0794196
0.079414
0.0794085
0.0794029
0.0793974
0.0793918
0.0793863
0.0793807
0.0793752
0.0793697
0.0793641
0.0793586
0.0793531
0.0793476
0.0793421
0.0793366
0.0793311
0.0793256
0.0793201
0.0793146
0.0793092
0.0793037
0.0792982
0.0792927
0.0792873
0.0792818
0.0792764
0.0792709
0.0792655
0.0792601
0.0792546
0.0792492
0.0792438
0.0792383
0.0792329
0.0792275
0.0792221
0.0792167
0.0792113
0.0792059
0.0792005
0.0791951
0.0791898
0.0791844
0.079179
0.0791737
0.0791683
0.0791629
0.0791576
0.0791522
0.0791469
0.0791416
0.0791362
0.0791309
0.0791256
0.0791202
0.0791149
0.0791096
0.0791043
0.079099
0.0790937
0.0790884
0.0790831
0.0790778
0.0790725
0.0790673
0.079062
0.0790567
0.0790515
0.0790462
0.0790409
0.0790357
0.0790304
0.0790252
0.07902
0.0790147
0.0790095
0.0790043
0.078999
0.0789938
0.0789886
0.0789834
0.0789782
0.078973
0.0789678
0.0789626
0.0789574
0.0789522
0.0789471
0.0789419
0.0789367
0.0789315
0.0789264
0.0789212
0.0789161
0.0789109
0.0789058
0.0789006
0.0788955
0.0788904
0.0788852
0.0788801
0.078875
0.0788699
0.0788648
0.0788597
0.0788546
0.0788495
0.0788444
0.0788393
0.0788342
0.0788291
0.078824
0.078819
0.0788139
0.0788088
0.0788038
0.0787987
0.0787937
0.0787886
0.0787836
0.0787785
0.0787735
0.0787685
0.0787634
0.0787584
0.0787534
0.0787484
0.0787434
0.0787383
0.0787333
0.0787283
0.0787234
0.0787184
0.0787134
0.0787084
0.0787034
