5.06685
5.10758
5.20071
5.68323
5.06685
5.09206
5.12032
5.39995
5.36352
5.60628
5.06002
5.60628
5.18143
5.89284
5.02669
5.06239
5.78222
5.31467
5.08213
5.39338
 5.5378
5.38513
5.69658
5.26169
5.52643
5.43338
5.54851
5.69658
5.06498
5.39361
5.16073
5.42716
5.15882
5.12468
5.27517
5.26606
5.63949
  5.742
4.58725
5.71022
5.71022
5.13518
5.56527
 6.0072
5.23427
6.08777
 4.6346
5.51733
5.42992
5.20574
5.34558
5.44802
5.47989
5.24602
5.55694
5.21756
5.72375
5.17852
5.33565
5.35716
5.34984
4.89521
5.35543
5.11905
5.45526
5.45526
5.33274
5.50535
 6.0093
5.83579
5.26732
4.90948
4.91012
5.02163
5.62031
5.60928
5.60928
5.31829
5.04393
5.36079
5.33662
5.19417
5.06781
5.03399
5.80295
5.47992
6.32563
 5.4723
5.74152
 5.0232
5.05966
6.32563
 6.3317
 5.4723
4.89975
5.87976
5.37737
5.36767
 5.1071
5.20826
5.38263
 5.6575
5.20826
5.07446
5.26514
5.07446
5.20245
5.13426
5.52233
4.68317
5.55787
5.21611
5.23167
5.67671
5.55787
5.78523
5.43152
5.21809
5.68396
4.87852
4.29137
5.68396
5.04348
5.10861
5.07713
5.10521
4.88182
 4.8674
5.90322
5.47333
4.76734
6.15563
6.15563
5.54323
5.00369
5.31517
5.27068
5.29797
5.05149
5.04746
5.31517
5.27068
6.92474
5.50697
6.92474
4.81179
5.04776
5.06794
5.59075
5.64153
5.76624
5.52331
5.24007
5.24007
5.51815
 5.5087
5.51815
 5.5087
5.09303
4.94319
5.02036
5.63367
5.52483
4.95636
4.96138
5.03241
5.15098
5.13441
5.40105
5.48697
4.77985
5.46038
5.46038
 5.8147
5.38952
5.50635
5.38952
5.49807
5.09766
5.33989
5.33989
5.03465
4.99869
4.99756
4.99021
5.37931
5.19461
5.13738
4.97188
4.98782
  5.082
5.46703
4.92428
5.39384
5.39384
4.95809
5.37516
 6.2004
6.04267
5.21185
6.07983
5.52111
5.51829
5.29385
5.28829
6.13545
6.13545
4.96581
5.27799
6.21101
 6.5096
5.15773
5.85132
5.35698
5.29577
5.53168
5.65646
5.00547
5.37921
5.00061
5.45163
5.20163
5.39028
5.37217
5.37034
5.68369
5.64092
  5.181
5.68369
5.60866
5.95956
5.53493
5.54442
5.60866
4.74092
5.06563
5.06563
5.10345
5.06563
4.74092
5.24249
 6.0468
5.14087
6.03437
6.03437
 5.5411
5.07746
 5.0513
5.35156
 5.5411
5.92969
5.45404
5.84296
4.89649
5.45404
5.00083
 5.5795
5.04514
5.00047
5.97304
5.55731
4.77245
5.54494
5.53634
6.05882
 6.1367
4.99438
 6.6194
5.45301
6.20473
5.71951
6.20473
5.78946
5.17968
5.15282
5.71951
5.45301
6.20473
6.78361
 5.8334
5.93299
5.66999
5.19545
 5.8334
5.37408
5.37408
5.85301
5.76284
5.85985
5.47974
5.85985
5.68564
5.58113
5.66749
5.74499
5.48284
5.08459
5.24884
5.26753
5.17736
5.66795
6.06953
5.32829
5.00937
4.81425
5.35677
5.06217
5.33814
5.32567
 5.5198
5.35677
5.08688
5.22306
 5.0449
5.87451
5.88303
5.36134
5.33595
5.77607
5.33595
5.77607
5.17491
5.29891
5.30812
5.47557
5.47557
 6.1327
6.25115
5.84967
5.60876
   6.31
   6.31
5.02033
5.71902
6.00062
6.15132
6.50924
5.65698
6.08485
6.42769
6.09175
6.33256
5.72972
5.72972
5.82175
5.38296
6.06478
6.55978
5.75955
5.27876
5.61809
 5.2482
5.32719
6.29524
6.05751
6.03783
6.11033
6.20757
 5.9378
5.63862
5.07259
5.73357
5.47893
6.03828
5.53595
6.39055
5.53595
5.28036
5.28161
6.85457
 5.2885
5.71078
6.30702
5.18272
6.04911
6.26075
6.25793
6.85457
6.73555
5.79265
5.79361
5.83136
5.79361
5.79361
5.29111
5.36338
5.28456
5.20833
5.34149
5.70721
6.00984
5.83136
5.47097
4.78976
5.51537
 6.4798
 4.9341
 5.7416
 5.7416
5.14853
 4.9341
5.97195
5.66711
5.60394
5.16784
5.93003
5.90806
5.92033
    6.1
5.63805
5.29193
  5.292
 4.9475
6.33706
5.08354
5.08076
6.08411
5.19173
5.88891
5.20794
6.03912
5.80037
5.16831
6.42284
5.16831
5.80037
5.65808
5.37153
5.34663
5.36225
6.42284
5.13021
6.68839
5.46688
  5.814
5.46688
 5.4276
6.04444
  5.814
5.25278
6.01403
 6.1632
 5.7589
6.18889
6.35433
5.31716
5.89858
6.00197
5.55109
5.91202
5.91202
 5.2361
5.45211
6.11986
6.00444
6.49286
5.44407
 5.1873
6.11986
5.07551
5.97532
 5.2492
6.36773
4.69005
5.73474
5.81539
6.06836
6.94723
5.48114
5.29626
 5.9315
5.99021
5.94713
6.11551
5.89492
5.42802
 5.7884
6.53849
5.42802
5.50846
5.78979
6.57102
5.85575
5.86569
6.63572
5.40518
5.40518
5.38213
  6.133
  5.833
 5.4354
6.80276
6.93237
5.61727
6.13039
6.14951
5.18306
5.90944
6.14951
5.61727
5.18306
6.33184
6.33184
6.46625
 6.4752
6.47553
6.43864
5.37508
5.45612
6.32452
5.69506
5.45612
5.69821
6.13653
6.13653
  5.117
6.11857
4.85561
6.43315
5.83572
6.00435
5.25116
5.55178
5.11975
5.23584
5.38048
5.83572
5.95643
5.27701
5.31328
6.05933
5.72157
5.72157
 6.7402
5.47966
6.05933
5.31328
5.55432
6.35612
5.90655
5.34398
6.06777
5.42538
5.77541
5.64898
5.13136
5.41399
6.19903
5.93434
 5.1903
 5.4054
5.71034
 5.7105
5.17775
5.96758
5.96758
5.97612
5.97124
5.97612
6.29634
5.92964
5.08677
5.09936
5.65764
6.29634
5.92964
4.80884
4.80884
5.57864
6.01773
6.20918
6.01773
5.99764
5.26199
5.67711
6.07898
5.51445
5.15648
5.20755
5.70214
5.37227
5.37227
 5.2582
5.99364
5.98433
5.33231
6.25201
4.81084
6.75659
6.17962
5.28943
5.69933
5.28943
5.12608
5.05932
5.01442
5.60464
 5.6348
5.34648
5.49064
5.04749
5.36535
5.00079
5.36535
5.12111
5.20052
6.46732
5.56685
 5.2717
6.27592
5.41143
5.60097
 5.4598
5.76706
5.73587
5.12841
5.12841
6.09011
5.69307
5.76509
5.09162
5.09428
5.37068
6.32282
5.27425
5.27425
5.06221
5.06221
5.28362
4.98042
5.28362
5.64332
5.74192
5.17254
5.42454
5.23344
4.59967
4.60772
 5.1301
6.47445
 5.3041
 5.1684
 5.3041
 5.1684
 5.3041
5.50392
5.38813
5.54747
6.01063
5.73928
5.48666
5.02577
  7.433
6.23478
5.34187
5.28293
5.48666
5.89139
5.58332
5.46256
5.58332
5.29095
  5.423
6.16243
5.72739
 5.3724
5.18978
5.69277
5.69387
5.69277
5.63622
5.19491
4.27385
5.19491
5.62877
5.74761
5.62877
5.09133
5.04617
5.74945
5.33719
 5.5994
5.41587
5.64023
4.46191
5.64023
5.07004
5.23276
5.24576
5.71406
4.97103
4.68916
 5.0733
5.09266
5.09505
6.31496
5.29155
5.29155
5.10306
6.02137
4.94404
5.29155
5.28995
5.43318
5.21039
4.81298
5.16687
5.60184
5.97395
5.79773
4.93106
4.96714
5.04215
5.23297
5.07574
5.24892
5.23297
5.53235
5.30317
5.11979
5.30317
5.11618
5.59968
6.27811
5.27071
5.53651
 5.5838
5.40023
5.40023
5.74406
4.87304
5.47703
4.99498
5.18349
5.17275
4.86335
4.86335
5.09857
5.15163
5.13909
5.82587
5.05575
5.24408
 5.3636
5.21287
5.43943
5.20138
 5.3071
5.45414
5.43943
5.19152
5.19152
5.18468
5.19152
5.10529
5.19902
5.26326
5.07823
5.07823
5.20399
5.12529
5.10453
5.38216
5.10453
 5.1149
5.11723
 5.1427
4.90723
5.04083
5.16044
5.04083
4.80421
4.92024
 5.5314
5.51972
4.93971
4.96086
5.20142
5.71084
5.22083
5.06501
5.34511
4.97752
5.34511
5.15056
5.39073
5.39073
5.43371
5.43371
4.89117
5.43772
 4.9443
5.10389
5.74484
6.54073
5.61302
5.48152
6.20382
5.70848
5.70848
5.00767
5.48489
6.38056
5.34256
5.52657
6.79295
6.77737
6.79295
5.40615
5.65953
5.68198
5.96938
5.93553
6.03845
6.14057
5.93553
5.70002
6.52437
5.05001
5.06612
5.27544
6.83661
 5.3585
 5.3585
5.63365
5.67496
6.19585
5.67496
6.42166
5.90449
5.66335
5.90449
5.67228
5.67485
5.12542
5.08047
6.15511
6.15511
6.33308
 5.3679
6.39018
5.43278
5.83397
 4.9391
6.27714
5.27194
5.27194
 5.3002
5.27194
5.27318
5.46911
5.46911
5.62399
6.02478
6.02478
5.94342
6.02478
  6.259
6.17762
6.04226
4.99235
5.17883
5.64409
5.04247
4.99235
5.02646
 6.1538
6.12002
6.04226
5.70319
5.92246
5.60488
5.63487
6.27348
6.31485
6.40643
5.90208
5.92246
5.29695
5.01604
5.51477
5.82899
6.34095
5.01604
5.29695
5.44023
5.38343
6.38942
5.74545
4.73011
5.68353
 5.0214
5.55242
 5.0214
 5.0771
5.64406
 6.5957
5.64406
 6.5957
5.19261
6.34292
 5.6201
 5.6201
5.77952
5.77952
5.06696
5.65317
5.86195
5.71063
 6.2292
6.54952
6.08765
6.33281
6.38395
 6.2292
6.43065
5.24704
5.67577
5.96004
 6.2502
 5.7671
5.96004
 6.2502
5.67577
6.22815
6.29578
6.08367
4.99354
6.22815
6.52574
5.54795
5.35335
5.36369
5.35335
5.54795
6.27562
6.27562
5.65455
6.61887
5.92616
6.59337
6.59666
5.58905
5.39474
6.42234
6.22927
 6.5161
6.53421
 6.6286
 6.6286
 6.6286
6.53421
6.25553
6.59768
 6.1946
5.98156
6.08648
5.90903
5.83936
5.43632
6.20718
5.35769
5.35894
 6.2677
6.20718
6.21891
6.26331
4.82286
6.37727
5.51816
6.36798
6.36798
6.22136
5.92957
6.43838
5.24959
5.24959
4.83113
6.00486
5.94628
5.82991
5.26198
6.51989
5.82991
5.94628
5.89448
6.25552
5.28684
5.47299
6.08576
5.47299
5.28892
5.38156
5.28892
5.20401
5.46014
6.13847
6.13847
5.05431
 6.2641
6.20273
6.13192
6.55205
6.53563
5.67107
6.53563
6.55205
6.54207
6.38662
5.81576
6.53727
5.91398
4.92993
5.32768
5.86174
6.40889
6.60459
6.58689
6.58689
5.61976
6.22541
6.22541
 5.7111
6.37574
5.64678
5.27695
6.47461
5.63613
5.64526
5.64678
5.88295
5.81662
5.06901
5.61994
5.11423
6.00029
6.52975
4.80412
6.61314
6.04418
5.09976
5.54277
6.04418
6.17171
6.30395
6.07527
5.51771
5.66912
6.00374
5.95251
5.66912
5.37749
6.24914
6.68511
4.98439
4.98439
6.21028
5.17096
  6.079
6.21028
6.02135
6.53961
6.09338
6.39424
5.95344
5.52524
6.39093
6.43242
6.43242
 5.6051
6.39053
4.88497
5.38686
5.55405
4.88497
6.01855
 6.3878
5.98638
5.98638
5.75096
6.43219
5.71093
5.38203
6.29338
5.38203
5.41063
6.28615
6.37693
5.84126
5.84126
6.40848
6.10695
5.96289
6.53324
5.44029
5.74153
5.44029
5.31763
6.49072
5.31763
6.66034
 6.2179
5.86321
 6.2179
6.40262
 6.2245
6.54897
6.52638
5.03155
 5.7458
5.68279
6.05478
6.14466
5.76961
6.65528
 5.7374
 5.7374
 5.7374
6.66616
6.24852
6.63907
6.24185
6.24953
6.15531
5.83679
6.35156
6.78447
5.69564
5.53427
5.78023
5.74039
5.44251
6.94137
6.01365
6.48926
6.31416
6.12689
6.12689
5.18672
5.21806
5.37519
6.06347
6.21796
5.97049
5.70424
6.06072
5.59772
6.21632
6.14819
6.34442
6.74548
6.11632
5.29978
6.03626
5.83025
5.29978
6.41586
6.36757
6.15993
5.90733
6.18516
5.87281
6.47082
5.37581
5.37581
5.40183
5.84092
6.63368
6.24627
6.02971
6.01028
5.75913
6.45333
5.41149
5.41149
5.85267
5.37586
 6.3711
5.48085
6.12031
6.12031
6.11419
6.04575
5.12481
5.38987
6.00954
5.83707
6.00954
5.38987
4.94499
6.36587
5.15535
6.58518
 5.1517
5.00797
5.31803
5.14659
5.53493
6.16859
5.14659
5.53493
6.13079
6.26718
5.05887
6.12744
6.12744
6.12744
5.44997
6.12744
6.20239
5.60028
5.38608
5.60028
6.05972
5.89912
6.17254
5.22453
6.48953
5.92805
6.21423
6.19969
6.19969
5.16821
6.48006
6.06682
 5.1955
5.27449
5.45092
6.57533
5.36174
6.47618
 5.3959
5.36174
5.67323
 6.0789
5.94873
5.45656
 6.0789
5.09908
5.94144
5.14505
5.61382
6.36999
5.11146
5.61938
5.63298
5.23522
5.63298
6.05195
5.74312
5.74312
 5.3671
5.19667
5.27425
5.67745
5.58483
5.16344
5.68221
5.71591
5.71591
5.07982
5.31054
5.54004
5.03675
6.31117
5.56673
5.56673
 6.4133
5.33063
 6.7987
6.86981
6.06889
5.84972
5.26277
5.78765
4.99128
 6.3609
5.25725
4.99128
